{
 "cells": [
  {
   "cell_type": "markdown",
   "metadata": {
    "slideshow": {
     "slide_type": "slide"
    }
   },
   "source": [
    "# Production functions: 3d plots and contour plots\n",
    "\n",
    "Consider a simple two factor Cobb-Douglas production function (or it could be a two-good utility function):\n",
    "\n",
    "$$F(x,y) = x^a \\cdot y^{1-a}$$\n",
    "\n",
    "We use the python [plotly](https://plot.ly/python/) visualization library to create interactive 3d plots that can be rotated and zoomed. I generally use graphical libraries such as matplotlib or altair, but plotly makes interactive 3d plots very easy.\n",
    "\n",
    "Click on the slide presentation button (or press alt-r) to see this in slideshow mode (but that will hide the code)."
   ]
  },
  {
   "cell_type": "code",
   "execution_count": 1,
   "metadata": {},
   "outputs": [],
   "source": [
    "import numpy as np\n",
    "import plotly.graph_objs as go\n",
    "from plotly.offline import init_notebook_mode, iplot"
   ]
  },
  {
   "cell_type": "code",
   "execution_count": 2,
   "metadata": {
    "slideshow": {
     "slide_type": "skip"
    }
   },
   "outputs": [
    {
     "data": {
      "text/html": [
       "<script>requirejs.config({paths: { 'plotly': ['https://cdn.plot.ly/plotly-latest.min']},});if(!window.Plotly) {{require(['plotly'],function(plotly) {window.Plotly=plotly;});}}</script>"
      ],
      "text/vnd.plotly.v1+html": [
       "<script>requirejs.config({paths: { 'plotly': ['https://cdn.plot.ly/plotly-latest.min']},});if(!window.Plotly) {{require(['plotly'],function(plotly) {window.Plotly=plotly;});}}</script>"
      ]
     },
     "metadata": {},
     "output_type": "display_data"
    }
   ],
   "source": [
    "init_notebook_mode(connected=True)"
   ]
  },
  {
   "cell_type": "markdown",
   "metadata": {
    "slideshow": {
     "slide_type": "skip"
    }
   },
   "source": [
    "We need to prepare the x-y grid and the define the $f(x,y)$ function to calculate the production output (utlity level) in the  `z` direction. "
   ]
  },
  {
   "cell_type": "code",
   "execution_count": 3,
   "metadata": {
    "slideshow": {
     "slide_type": "skip"
    }
   },
   "outputs": [],
   "source": [
    "numpts = 50\n",
    "x = y = np.linspace(0, numpts-1, numpts-1)\n",
    "xg, yg = np.meshgrid(x, y)   "
   ]
  },
  {
   "cell_type": "code",
   "execution_count": 4,
   "metadata": {
    "slideshow": {
     "slide_type": "skip"
    }
   },
   "outputs": [],
   "source": [
    "def f(x, y, a=1/2):\n",
    "    '''A Cobb-Douglas production function'''\n",
    "    return (x**a)*(y**(1-a))\n",
    "\n",
    "z = f(xg, yg)"
   ]
  },
  {
   "cell_type": "markdown",
   "metadata": {
    "slideshow": {
     "slide_type": "skip"
    }
   },
   "source": [
    "Now we turn this data over to plotly's Surface plot function. Note we are also asking it to project contour lines or isoquants)."
   ]
  },
  {
   "cell_type": "code",
   "execution_count": 5,
   "metadata": {},
   "outputs": [],
   "source": [
    "surface = go.Surface(x=x, \n",
    "                     y=y, \n",
    "                     z=z,\n",
    "                     contours=dict(z=dict(show=True, \n",
    "                                project=dict(z=True),\n",
    "                                usecolormap=True,\n",
    "                                color='rgb(50,50,50)')\n",
    "                           ))\n",
    "\n",
    "layout = go.Layout(title='Cobb-Douglas Production', autosize=True, \n",
    "            height=600, width=600)\n",
    "\n",
    "fig = go.Figure(data=[surface], layout=layout)"
   ]
  },
  {
   "cell_type": "markdown",
   "metadata": {},
   "source": [
    "The figure can be rotated, panned and zoomed."
   ]
  },
  {
   "cell_type": "code",
   "execution_count": 6,
   "metadata": {},
   "outputs": [
    {
     "data": {
      "application/vnd.plotly.v1+json": {
       "data": [
        {
         "contours": {
          "z": {
           "color": "rgb(50,50,50)",
           "project": {
            "z": true
           },
           "show": true,
           "usecolormap": true
          }
         },
         "type": "surface",
         "x": [
          0,
          1.0208333333333333,
          2.0416666666666665,
          3.0625,
          4.083333333333333,
          5.104166666666666,
          6.125,
          7.145833333333333,
          8.166666666666666,
          9.1875,
          10.208333333333332,
          11.229166666666666,
          12.25,
          13.270833333333332,
          14.291666666666666,
          15.312499999999998,
          16.333333333333332,
          17.354166666666664,
          18.375,
          19.395833333333332,
          20.416666666666664,
          21.4375,
          22.458333333333332,
          23.479166666666664,
          24.5,
          25.520833333333332,
          26.541666666666664,
          27.562499999999996,
          28.583333333333332,
          29.604166666666664,
          30.624999999999996,
          31.645833333333332,
          32.666666666666664,
          33.6875,
          34.70833333333333,
          35.729166666666664,
          36.75,
          37.77083333333333,
          38.791666666666664,
          39.8125,
          40.83333333333333,
          41.854166666666664,
          42.875,
          43.89583333333333,
          44.916666666666664,
          45.9375,
          46.95833333333333,
          47.979166666666664,
          49
         ],
         "y": [
          0,
          1.0208333333333333,
          2.0416666666666665,
          3.0625,
          4.083333333333333,
          5.104166666666666,
          6.125,
          7.145833333333333,
          8.166666666666666,
          9.1875,
          10.208333333333332,
          11.229166666666666,
          12.25,
          13.270833333333332,
          14.291666666666666,
          15.312499999999998,
          16.333333333333332,
          17.354166666666664,
          18.375,
          19.395833333333332,
          20.416666666666664,
          21.4375,
          22.458333333333332,
          23.479166666666664,
          24.5,
          25.520833333333332,
          26.541666666666664,
          27.562499999999996,
          28.583333333333332,
          29.604166666666664,
          30.624999999999996,
          31.645833333333332,
          32.666666666666664,
          33.6875,
          34.70833333333333,
          35.729166666666664,
          36.75,
          37.77083333333333,
          38.791666666666664,
          39.8125,
          40.83333333333333,
          41.854166666666664,
          42.875,
          43.89583333333333,
          44.916666666666664,
          45.9375,
          46.95833333333333,
          47.979166666666664,
          49
         ],
         "z": [
          [
           0,
           0,
           0,
           0,
           0,
           0,
           0,
           0,
           0,
           0,
           0,
           0,
           0,
           0,
           0,
           0,
           0,
           0,
           0,
           0,
           0,
           0,
           0,
           0,
           0,
           0,
           0,
           0,
           0,
           0,
           0,
           0,
           0,
           0,
           0,
           0,
           0,
           0,
           0,
           0,
           0,
           0,
           0,
           0,
           0,
           0,
           0,
           0,
           0
          ],
          [
           0,
           1.0208333333333335,
           1.4436763449225345,
           1.768135199393229,
           2.041666666666667,
           2.2826527270310355,
           2.500520779091161,
           2.700871130045103,
           2.887352689845069,
           3.0625,
           3.2281584447552203,
           3.385721140154471,
           3.536270398786458,
           3.680666927036156,
           3.819608582331732,
           3.9536704992534046,
           4.083333333333334,
           4.209003659484695,
           4.331029034767604,
           4.449709338197771,
           4.565305454062071,
           4.678046021934088,
           4.788132754819752,
           4.895744680048401,
           5.001041558182322,
           5.104166666666667,
           5.205249086792635,
           5.304405598179687,
           5.401742260090206,
           5.497355740616473,
           5.591334441198571,
           5.683759453722314,
           5.774705379690138,
           5.864241035007572,
           5.9524300593212445,
           6.039331445247525,
           6.125,
           6.209486749679432,
           6.292839294697497,
           6.375102123365032,
           6.456316889510441,
           6.536522659046033,
           6.615756129624691,
           6.694051826891626,
           6.771442280308942,
           6.847958181093106,
           6.923628524440378,
           6.998480737909399,
           7.072540797572916
          ],
          [
           0,
           1.4436763449225345,
           2.0416666666666665,
           2.5005207790911608,
           2.887352689845069,
           3.2281584447552203,
           3.5362703987864577,
           3.8196085823317314,
           4.083333333333333,
           4.331029034767603,
           4.56530545406207,
           4.788132754819751,
           5.0010415581823215,
           5.205249086792634,
           5.401742260090205,
           5.59133444119857,
           5.774705379690138,
           5.9524300593212445,
           6.125,
           6.292839294697496,
           6.456316889510441,
           6.615756129624691,
           6.771442280308941,
           6.923628524440378,
           7.072540797572915,
           7.218381724612672,
           7.361333854072311,
           7.501562337273483,
           7.639217164663463,
           7.774435045569406,
           7.907340998506809,
           8.03804970472039,
           8.166666666666666,
           8.293289204732543,
           8.418007318969389,
           8.540904437535355,
           8.662058069535206,
           8.78154037677268,
           8.899418676395541,
           9.015755884376343,
           9.13061090812414,
           9.244038995181945,
           9.356092043868173,
           9.466818880818531,
           9.576265509639502,
           9.684475334265661,
           9.791489360096802,
           9.897346375558337,
           10.002083116364643
          ],
          [
           0,
           1.768135199393229,
           2.5005207790911608,
           3.0625,
           3.536270398786458,
           3.9536704992534046,
           4.331029034767604,
           4.678046021934087,
           5.0010415581823215,
           5.304405598179686,
           5.59133444119857,
           5.864241035007571,
           6.125,
           6.375102123365031,
           6.615756129624691,
           6.847958181093105,
           7.072540797572916,
           7.290208187470826,
           7.501562337273484,
           7.707122652672223,
           7.907340998506809,
           8.102613390135309,
           8.293289204732543,
           8.479678526728868,
           8.662058069535208,
           8.840675996966144,
           9.015755884376343,
           9.1875,
           9.356092043868173,
           9.521699450028164,
           9.684475334265661,
           9.844560151846974,
           10.002083116364643,
           10.157163420463412,
           10.309911291244621,
           10.460428906917091,
           10.608811196359373,
           10.755146539370504,
           10.899517382281964,
           11.042000781108467,
           11.18266888239714,
           11.321589350292946,
           11.458825746995196,
           11.59443787267556,
           11.728482070015142,
           11.861011497760213,
           11.99207637706387,
           12.121724213851206,
           12.25
          ],
          [
           0,
           2.041666666666667,
           2.887352689845069,
           3.536270398786458,
           4.083333333333334,
           4.565305454062071,
           5.001041558182322,
           5.401742260090206,
           5.774705379690138,
           6.125,
           6.456316889510441,
           6.771442280308942,
           7.072540797572916,
           7.361333854072312,
           7.639217164663464,
           7.907340998506809,
           8.166666666666668,
           8.41800731896939,
           8.662058069535208,
           8.899418676395541,
           9.130610908124142,
           9.356092043868175,
           9.576265509639503,
           9.791489360096802,
           10.002083116364645,
           10.208333333333334,
           10.41049817358527,
           10.608811196359374,
           10.803484520180412,
           10.994711481232946,
           11.182668882397142,
           11.367518907444628,
           11.549410759380276,
           11.728482070015144,
           11.904860118642489,
           12.07866289049505,
           12.25,
           12.418973499358865,
           12.585678589394995,
           12.750204246730064,
           12.912633779020881,
           13.073045318092065,
           13.231512259249381,
           13.388103653783253,
           13.542884560617884,
           13.695916362186212,
           13.847257048880756,
           13.996961475818798,
           14.145081595145832
          ],
          [
           0,
           2.2826527270310355,
           3.2281584447552203,
           3.9536704992534046,
           4.565305454062071,
           5.104166666666667,
           5.591334441198571,
           6.039331445247524,
           6.456316889510441,
           6.847958181093106,
           7.218381724612672,
           7.570702622243489,
           7.907340998506809,
           8.230221451388102,
           8.540904437535355,
           8.840675996966144,
           9.130610908124142,
           9.411618300153156,
           9.684475334265663,
           9.949852560325816,
           10.208333333333334,
           10.460428906917091,
           10.706590325070296,
           10.947217905071184,
           11.182668882397142,
           11.413263635155177,
           11.639290797887032,
           11.861011497760215,
           12.078662890495048,
           12.292461132517134,
           12.502603895455804,
           12.709272506280163,
           12.912633779020881,
           13.112841590720654,
           13.310038243955407,
           13.504355650225515,
           13.695916362186212,
           13.88483447766743,
           14.071216434425434,
           14.25516171134746,
           14.436763449225344,
           14.616109002094609,
           14.793280428401719,
           14.96835492983633,
           15.141405244486979,
           15.312499999999998,
           15.481704031605249,
           15.649078669188304,
           15.814681997013619
          ],
          [
           0,
           2.500520779091161,
           3.5362703987864577,
           4.331029034767604,
           5.001041558182322,
           5.591334441198571,
           6.125,
           6.61575612962469,
           7.072540797572915,
           7.501562337273483,
           7.907340998506808,
           8.293289204732543,
           8.662058069535208,
           9.015755884376343,
           9.356092043868173,
           9.684475334265661,
           10.002083116364645,
           10.309911291244621,
           10.608811196359374,
           10.899517382281962,
           11.182668882397142,
           11.458825746995197,
           11.728482070015142,
           11.99207637706387,
           12.25,
           12.502603895455804,
           12.750204246730062,
           12.99308710430281,
           13.23151225924938,
           13.46571649907027,
           13.695916362186212,
           13.922310482339727,
           14.14508159514583,
           14.364398264459254,
           14.58041637494165,
           14.793280428401719,
           15.003124674546966,
           15.210074101287825,
           15.414245305344448,
           15.615747260377903,
           15.814681997013617,
           16.011145206803082,
           16.205226780270618,
           16.397011287630033,
           16.586578409465087,
           16.77400332359571,
           16.959357053457737,
           17.14270678257472,
           17.324116139070416
          ],
          [
           0,
           2.700871130045103,
           3.8196085823317314,
           4.678046021934087,
           5.401742260090206,
           6.039331445247524,
           6.61575612962469,
           7.145833333333332,
           7.639217164663463,
           8.102613390135309,
           8.540904437535353,
           8.957776145462791,
           9.356092043868173,
           9.738129347797987,
           10.105734414457741,
           10.46042890691709,
           10.803484520180412,
           11.135976950357291,
           11.458825746995196,
           11.772824315393102,
           12.078662890495048,
           12.376946395752602,
           12.668208513615665,
           12.952922905875552,
           13.23151225924938,
           13.504355650225513,
           13.771794595799374,
           14.034138065802258,
           14.291666666666664,
           14.544636158124485,
           14.793280428401717,
           15.037814026461572,
           15.278434329326926,
           15.515323406770053,
           15.748649633469459,
           15.978569089217247,
           16.205226780270618,
           16.42875770900256,
           16.649287814264675,
           16.866934801063685,
           17.081808875070706,
           17.294013394974442,
           17.503645453638125,
           17.710796397332835,
           17.915552290925582,
           18.117994335742573,
           18.318199245862324,
           18.516239587784074,
           18.712184087736347
          ],
          [
           0,
           2.887352689845069,
           4.083333333333333,
           5.0010415581823215,
           5.774705379690138,
           6.456316889510441,
           7.072540797572915,
           7.639217164663463,
           8.166666666666666,
           8.662058069535206,
           9.13061090812414,
           9.576265509639502,
           10.002083116364643,
           10.410498173585268,
           10.80348452018041,
           11.18266888239714,
           11.549410759380276,
           11.904860118642489,
           12.25,
           12.585678589394991,
           12.912633779020881,
           13.231512259249381,
           13.542884560617882,
           13.847257048880756,
           14.14508159514583,
           14.436763449225344,
           14.722667708144622,
           15.003124674546966,
           15.278434329326926,
           15.548870091138811,
           15.814681997013619,
           16.07609940944078,
           16.333333333333332,
           16.586578409465087,
           16.836014637938778,
           17.08180887507071,
           17.324116139070412,
           17.56308075354536,
           17.798837352791082,
           18.031511768752686,
           18.26122181624828,
           18.48807799036389,
           18.712184087736347,
           18.933637761637062,
           19.152531019279003,
           19.368950668531323,
           19.582978720193605,
           19.794692751116674,
           20.004166232729286
          ],
          [
           0,
           3.0625,
           4.331029034767603,
           5.304405598179686,
           6.125,
           6.847958181093106,
           7.501562337273483,
           8.102613390135309,
           8.662058069535206,
           9.1875,
           9.684475334265661,
           10.157163420463412,
           10.608811196359373,
           11.042000781108467,
           11.458825746995194,
           11.861011497760213,
           12.25,
           12.627010978454086,
           12.99308710430281,
           13.349128014593312,
           13.695916362186212,
           14.034138065802262,
           14.364398264459252,
           14.687234040145205,
           15.003124674546966,
           15.3125,
           15.615747260377901,
           15.91321679453906,
           16.205226780270618,
           16.492067221849418,
           16.77400332359571,
           17.05127836116694,
           17.324116139070412,
           17.592723105022714,
           17.85729017796373,
           18.117994335742573,
           18.375,
           18.628460249038298,
           18.87851788409249,
           19.125306370095092,
           19.368950668531323,
           19.6095679771381,
           19.84726838887407,
           20.082155480674878,
           20.314326840926825,
           20.543874543279316,
           20.770885573321134,
           20.995442213728197,
           21.217622392718745
          ],
          [
           0,
           3.2281584447552203,
           4.56530545406207,
           5.59133444119857,
           6.456316889510441,
           7.218381724612672,
           7.907340998506808,
           8.540904437535353,
           9.13061090812414,
           9.684475334265661,
           10.20833333333333,
           10.706590325070296,
           11.18266888239714,
           11.639290797887032,
           12.078662890495048,
           12.502603895455803,
           12.912633779020881,
           13.310038243955407,
           13.695916362186212,
           14.071216434425432,
           14.436763449225344,
           14.793280428401719,
           15.141405244486977,
           15.481704031605249,
           15.814681997013617,
           16.140792223776103,
           16.4604429027762,
           16.77400332359571,
           17.081808875070706,
           17.384165248549863,
           17.681351993932285,
           17.973625546276903,
           18.26122181624828,
           18.544358418847136,
           18.82323660030631,
           19.09804291165866,
           19.368950668531323,
           19.636121229622827,
           19.89970512065163,
           20.159843026009238,
           20.41666666666666,
           20.67029957988568,
           20.92085781383418,
           21.168450548188712,
           21.413180650140593,
           21.655145173838015,
           21.894435810142365,
           22.131139292609603,
           22.36533776479428
          ],
          [
           0,
           3.385721140154471,
           4.788132754819751,
           5.864241035007571,
           6.771442280308942,
           7.570702622243489,
           8.293289204732543,
           8.957776145462791,
           9.576265509639502,
           10.157163420463412,
           10.706590325070296,
           11.229166666666666,
           11.728482070015142,
           12.207391175249343,
           12.668208513615665,
           13.112841590720652,
           13.542884560617884,
           13.959685879743539,
           14.364398264459254,
           14.758016300942645,
           15.141405244486979,
           15.515323406770055,
           15.880439794147879,
           16.237348173099093,
           16.586578409465087,
           16.928605700772355,
           17.263858161231255,
           17.592723105022714,
           17.915552290925582,
           18.23266633073116,
           18.544358418847136,
           18.85089750663229,
           19.152531019279003,
           19.44948719332552,
           19.741977097601502,
           20.030196388480846,
           20.314326840926825,
           20.59453768937018,
           20.870986806516306,
           21.143821743399812,
           21.413180650140593,
           21.679193093711866,
           21.94198078645894,
           22.201658236992618,
           22.458333333333332,
           22.712107866730467,
           22.963078003370732,
           23.211334710175063,
           23.456964140030284
          ],
          [
           0,
           3.536270398786458,
           5.0010415581823215,
           6.125,
           7.072540797572916,
           7.907340998506809,
           8.662058069535208,
           9.356092043868173,
           10.002083116364643,
           10.608811196359373,
           11.18266888239714,
           11.728482070015142,
           12.25,
           12.750204246730062,
           13.231512259249381,
           13.69591636218621,
           14.145081595145832,
           14.580416374941652,
           15.003124674546967,
           15.414245305344446,
           15.814681997013619,
           16.205226780270618,
           16.586578409465087,
           16.959357053457737,
           17.324116139070416,
           17.68135199393229,
           18.031511768752686,
           18.375,
           18.712184087736347,
           19.043398900056328,
           19.368950668531323,
           19.689120303693947,
           20.004166232729286,
           20.314326840926825,
           20.619822582489242,
           20.920857813834182,
           21.217622392718745,
           21.510293078741007,
           21.799034764563928,
           22.084001562216933,
           22.36533776479428,
           22.643178700585892,
           22.91765149399039,
           23.18887574535112,
           23.456964140030284,
           23.722022995520426,
           23.98415275412774,
           24.24344842770241,
           24.5
          ],
          [
           0,
           3.680666927036156,
           5.205249086792634,
           6.375102123365031,
           7.361333854072312,
           8.230221451388102,
           9.015755884376343,
           9.738129347797987,
           10.410498173585268,
           11.042000781108467,
           11.639290797887032,
           12.207391175249343,
           12.750204246730062,
           13.270833333333332,
           13.771794595799374,
           14.25516171134746,
           14.722667708144623,
           15.175778512887641,
           15.615747260377905,
           16.043655179782995,
           16.460442902776204,
           16.86693480106369,
           17.26385816123126,
           17.651858475494553,
           18.031511768752686,
           18.40333463518078,
           18.767792483992945,
           19.125306370095092,
           19.476258695595973,
           19.820998002259003,
           20.159843026009238,
           20.493086147798994,
           20.820996347170535,
           21.143821743399812,
           21.4617917924959,
           21.77511919536199,
           22.084001562216933,
           22.388622870283417,
           22.68915474528647,
           22.985757592111977,
           23.278581595774064,
           23.56776761042269,
           23.85344795132701,
           24.135747102471147,
           24.414782350498687,
           24.690664354164305,
           24.963497657134862,
           25.233381150879392,
           25.500408493460125
          ],
          [
           0,
           3.819608582331732,
           5.401742260090205,
           6.615756129624691,
           7.639217164663464,
           8.540904437535355,
           9.356092043868173,
           10.105734414457741,
           10.80348452018041,
           11.458825746995194,
           12.078662890495048,
           12.668208513615665,
           13.231512259249381,
           13.771794595799374,
           14.291666666666664,
           14.793280428401717,
           15.278434329326927,
           15.74864963346946,
           16.205226780270618,
           16.649287814264675,
           17.08180887507071,
           17.50364545363813,
           17.915552290925582,
           18.318199245862328,
           18.712184087736347,
           19.09804291165866,
           19.47625869559597,
           19.84726838887407,
           20.211468828915482,
           20.569221714601753,
           20.92085781383418,
           21.266680544666315,
           21.60696904036082,
           21.94198078645894,
           22.271953900714582,
           22.597109113286542,
           22.917651493990387,
           23.23377196501296,
           23.545648630786207,
           23.85344795132701,
           24.157325780990096,
           24.45742829103483,
           24.753892791505205,
           25.046848465536648,
           25.33641702723133,
           25.62271331260606,
           25.905845811751103,
           26.185917149193845,
           26.463024518498763
          ],
          [
           0,
           3.9536704992534046,
           5.59133444119857,
           6.847958181093105,
           7.907340998506809,
           8.840675996966144,
           9.684475334265661,
           10.46042890691709,
           11.18266888239714,
           11.861011497760213,
           12.502603895455803,
           13.112841590720652,
           13.69591636218621,
           14.25516171134746,
           14.793280428401717,
           15.312499999999998,
           15.814681997013619,
           16.301401077310295,
           16.77400332359571,
           17.23365016230359,
           17.68135199393229,
           18.117994335742576,
           18.544358418847136,
           18.961137613111017,
           19.368950668531323,
           19.768352496267024,
           20.159843026009234,
           20.543874543279316,
           20.92085781383418,
           21.291167231585337,
           21.655145173838015,
           22.013105708115486,
           22.36533776479428,
           22.712107866730467,
           23.053662489215604,
           23.390230109670433,
           23.722022995520426,
           24.049238770004063,
           24.37206178872303,
           24.69066435416431,
           25.005207790911605,
           25.315843400592705,
           25.622713312606063,
           25.925951244200597,
           26.225683181441305,
           26.52202799089843,
           26.815097970484214,
           27.104999346676493,
           27.39183272437242
          ],
          [
           0,
           4.083333333333334,
           5.774705379690138,
           7.072540797572916,
           8.166666666666668,
           9.130610908124142,
           10.002083116364645,
           10.803484520180412,
           11.549410759380276,
           12.25,
           12.912633779020881,
           13.542884560617884,
           14.145081595145832,
           14.722667708144623,
           15.278434329326927,
           15.814681997013619,
           16.333333333333336,
           16.83601463793878,
           17.324116139070416,
           17.798837352791082,
           18.261221816248284,
           18.71218408773635,
           19.152531019279007,
           19.582978720193605,
           20.00416623272929,
           20.416666666666668,
           20.82099634717054,
           21.21762239271875,
           21.606969040360823,
           21.98942296246589,
           22.365337764794283,
           22.735037814889257,
           23.098821518760552,
           23.456964140030287,
           23.809720237284978,
           24.1573257809901,
           24.5,
           24.83794699871773,
           25.17135717878999,
           25.500408493460128,
           25.825267558041762,
           26.14609063618413,
           26.463024518498763,
           26.776207307566505,
           27.085769121235767,
           27.391832724372424,
           27.694514097761513,
           27.993922951637597,
           28.290163190291665
          ],
          [
           0,
           4.209003659484695,
           5.9524300593212445,
           7.290208187470826,
           8.41800731896939,
           9.411618300153156,
           10.309911291244621,
           11.135976950357291,
           11.904860118642489,
           12.627010978454086,
           13.310038243955407,
           13.959685879743539,
           14.580416374941652,
           15.175778512887641,
           15.74864963346946,
           16.301401077310295,
           16.83601463793878,
           17.354166666666668,
           17.857290177963733,
           18.346621604686664,
           18.823236600306313,
           19.288077869934753,
           19.741977097601502,
           20.1856724318953,
           20.619822582489242,
           21.045018297423475,
           21.4617917924959,
           21.87062456241248,
           22.271953900714582,
           22.66617838015732,
           23.053662489215604,
           23.434740578300033,
           23.809720237284978,
           24.17888520141765,
           24.542497863683085,
           24.900801456869708,
           25.254021956908172,
           25.60236974980159,
           25.94604109707512,
           26.285219428733456,
           26.620076487910815,
           26.950773347490006,
           27.277461315770083,
           27.60028274563304,
           27.919371759487078,
           28.234854900459467,
           28.546851718807023,
           28.85547530125108,
           29.160832749883305
          ],
          [
           0,
           4.331029034767604,
           6.125,
           7.501562337273484,
           8.662058069535208,
           9.684475334265663,
           10.608811196359374,
           11.458825746995196,
           12.25,
           12.99308710430281,
           13.695916362186212,
           14.364398264459254,
           15.003124674546967,
           15.615747260377905,
           16.205226780270618,
           16.77400332359571,
           17.324116139070416,
           17.857290177963733,
           18.375000000000004,
           18.87851788409249,
           19.368950668531326,
           19.847268388874074,
           20.314326840926825,
           20.770885573321134,
           21.21762239271875,
           21.65514517383802,
           22.084001562216933,
           22.50468701182045,
           22.91765149399039,
           23.323305136708218,
           23.72202299552043,
           24.114149114161172,
           24.5,
           24.879867614197632,
           25.254021956908172,
           25.622713312606066,
           25.98617420860562,
           26.344621130318046,
           26.698256029186627,
           27.047267653129033,
           27.391832724372424,
           27.732116985545836,
           28.068276131604524,
           28.400456642455595,
           28.728796528918508,
           29.053426002796986,
           29.37446808029041,
           29.692039126675017,
           30.006249349093935
          ],
          [
           0,
           4.449709338197771,
           6.292839294697496,
           7.707122652672223,
           8.899418676395541,
           9.949852560325816,
           10.899517382281962,
           11.772824315393102,
           12.585678589394991,
           13.349128014593312,
           14.071216434425432,
           14.758016300942645,
           15.414245305344446,
           16.043655179782995,
           16.649287814264675,
           17.23365016230359,
           17.798837352791082,
           18.346621604686664,
           18.87851788409249,
           19.39583333333333,
           19.89970512065163,
           20.39112986284314,
           20.870986806516306,
           21.340056313707848,
           21.799034764563924,
           22.248546690988853,
           22.689154745286466,
           23.12136795801667,
           23.545648630786204,
           23.962418130040394,
           24.372061788723027,
           24.774933078169507,
           25.171357178789982,
           25.561634052162365,
           25.946041097075117,
           26.324835456381404,
           26.698256029186624,
           27.066525233107484,
           27.42985055352815,
           27.788425910499736,
           28.142432868850864,
           28.492041712945422,
           28.837412404143794,
           29.178695436244418,
           29.51603260188529,
           29.849557680977448,
           30.179397060651233,
           30.505670294863027,
           30.828490610688892
          ],
          [
           0,
           4.565305454062071,
           6.456316889510441,
           7.907340998506809,
           9.130610908124142,
           10.208333333333334,
           11.182668882397142,
           12.078662890495048,
           12.912633779020881,
           13.695916362186212,
           14.436763449225344,
           15.141405244486979,
           15.814681997013619,
           16.460442902776204,
           17.08180887507071,
           17.68135199393229,
           18.261221816248284,
           18.823236600306313,
           19.368950668531326,
           19.89970512065163,
           20.416666666666668,
           20.920857813834182,
           21.413180650140593,
           21.89443581014237,
           22.365337764794283,
           22.826527270310354,
           23.278581595774064,
           23.72202299552043,
           24.157325780990096,
           24.58492226503427,
           25.00520779091161,
           25.418545012560326,
           25.825267558041762,
           26.22568318144131,
           26.620076487910815,
           27.00871130045103,
           27.391832724372424,
           27.76966895533486,
           28.142432868850868,
           28.51032342269492,
           28.873526898450688,
           29.232218004189217,
           29.586560856803438,
           29.93670985967266,
           30.282810488973958,
           30.624999999999996,
           30.963408063210498,
           31.29815733837661,
           31.629363994027237
          ],
          [
           0,
           4.678046021934088,
           6.615756129624691,
           8.102613390135309,
           9.356092043868175,
           10.460428906917091,
           11.458825746995197,
           12.376946395752602,
           13.231512259249381,
           14.034138065802262,
           14.793280428401719,
           15.515323406770055,
           16.205226780270618,
           16.86693480106369,
           17.50364545363813,
           18.117994335742576,
           18.71218408773635,
           19.288077869934753,
           19.847268388874074,
           20.39112986284314,
           20.920857813834182,
           21.437500000000004,
           21.94198078645894,
           22.435120579499163,
           22.917651493990395,
           23.390230109670437,
           23.85344795132701,
           24.307840170405928,
           24.753892791505205,
           25.19204880347501,
           25.622713312606066,
           26.04625792860336,
           26.463024518498763,
           26.873328436388377,
           27.277461315770083,
           27.675693494773835,
           28.068276131604524,
           28.455443057231307,
           28.8374124041438,
           29.214388043393964,
           29.586560856803438,
           29.95410986687247,
           30.31720324337323,
           30.675999202688306,
           31.03064681354011,
           31.38128672075127,
           31.728051797003445,
           32.07106773116023,
           32.410453560541235
          ],
          [
           0,
           4.788132754819752,
           6.771442280308941,
           8.293289204732543,
           9.576265509639503,
           10.706590325070296,
           11.728482070015142,
           12.668208513615665,
           13.542884560617882,
           14.364398264459252,
           15.141405244486977,
           15.880439794147879,
           16.586578409465087,
           17.26385816123126,
           17.915552290925582,
           18.544358418847136,
           19.152531019279007,
           19.741977097601502,
           20.314326840926825,
           20.870986806516306,
           21.413180650140593,
           21.94198078645894,
           22.458333333333332,
           22.963078003370736,
           23.456964140030284,
           23.940663774098756,
           24.414782350498687,
           24.87986761419763,
           25.33641702723133,
           25.784884003143304,
           26.225683181441305,
           26.659194916784546,
           27.085769121235764,
           27.505728570002773,
           27.919371759487074,
           28.3269753895862,
           28.728796528918505,
           29.125074511111173,
